8 40 24 0.831535 2092 9 318 	3.720021 -0.481578 Hb (8906.2), Hg (7951.9), Hd (7514.6), OIIa (6826.3), OIIb (6831.4), [OIII]a (9085.0), [OIII]b (9172.8), NeIIIa (7087.7), NeIIIb (7268.5),
5 33 29 0.831535 1950 9 318 	3.719743 -0.481966 Hb (8906.2), Hg (7951.9), Hd (7514.6), OIIa (6826.3), OIIb (6831.4), [OIII]a (9085.0), [OIII]b (9172.8), NeIIIa (7087.7), NeIIIb (7268.5),
4 32 34 0.828935 1831 9 318 	3.719465 -0.482022 Hb (8893.6), Hg (7940.7), Hd (7503.9), OIIa (6816.6), OIIb (6821.7), [OIII]a (9072.1), [OIII]b (9159.7), NeIIIa (7077.6), NeIIIb (7258.2),
0 10 46 0.568535 1644 9 318 	3.718798 -0.483244 Hb (7627.3), Hg (6810.1), Hd (6435.5), OIIa (5846.1), OIIb (5850.4), [OIII]a (7780.4), [OIII]b (7855.6), NeIIIa (6069.9), NeIIIb (6224.8),
13 65 15 1.014535 663 4 28 	3.720521 -0.480189 Hg (8746.5), Hd (8265.4), OIIa (7508.4), OIIb (7514.0),
3 26 17 0.426135 388 2 16 	3.720410 -0.482355 OIIa (5315.3), OIIb (5319.3),
9 58 33 0.293535 369 2 16 	3.719521 -0.480578 OIIa (4821.1), OIIb (4824.7),
10 59 61 0.984135 316 2 16 	3.717965 -0.480522 OIIa (7395.0), OIIb (7400.6),
6 36 49 0.388735 302 2 16 	3.718632 -0.481800 OIIa (5175.9), OIIb (5179.8),
7 36 56 1.035335 170 2 16 	3.718243 -0.481800 OIIa (7585.9), OIIb (7591.6),
11 63 25 0.808135 127 2 16 	3.719965 -0.480300 OIIa (6739.1), OIIb (6744.1),
2 13 20 0.266335 117 2 16 	3.720243 -0.483078 OIIa (4719.7), OIIb (4723.3),
12 63 41 0.338200 94 2 3 	3.719076 -0.480300 Ha (8784.8), Hb (6507.3),
1 12 25 0.081800 79 2 3 	3.719965 -0.483133 Ha (7101.6), Hb (5260.5),
#Cube dimensions (z,y,x): 3722, 76, 79
# 14
